25 40
0000000000000000000000000000000000000000
0100100000000000000000000000000000000000
0000010000000000000000000000000000000000
0100010000000000000000000000000000000000
0011110000000000000000000000000000000000
0000000000000000000000000000000000000000
0000000000000000000000000000000000000000
0000000000000000000000000000000000000000
0001000000000000000000000000000000000000
0100010000000000000000000000000000000000
0000001000000000000000000000000000000000
0100001000000000000000000000000000000000
0011111000000000000000000000000000000000
0000000000000000000000000000000000000000
0000000000000000000000000000000000000000
0000000000000000000000000000000000000000
0001100000000000000000000000000000000000
0100001000000000000000000000000000000000
0000000100000000000000000000000000000000
0100000100000000000000000000000000000000
0011111100000000000000000000000000000000
0000000000000000000000000000000000000000
0000000000000000000000000000000000000000
0000000000000000000000000000000000000000
0000000000000000000000000000000000000000

